{
  "nbformat": 4,
  "nbformat_minor": 0,
  "metadata": {
    "colab": {
      "provenance": []
    },
    "kernelspec": {
      "name": "python3",
      "display_name": "Python 3"
    },
    "language_info": {
      "name": "python"
    }
  },
  "cells": [
    {
      "cell_type": "markdown",
      "source": [
        "<font size=6>**#1 - Regressão Linear (parte 1)**</font>\n",
        "\n",
        "---\n",
        "---"
      ],
      "metadata": {
        "id": "JZRFuKFOARfv"
      }
    },
    {
      "cell_type": "code",
      "source": [
        "from platform import python_version, platform\n",
        "from datetime import date\n",
        "\n",
        "print('Python version:', python_version())\n",
        "print('Platform:', platform())\n",
        "print('Date:', date.today())"
      ],
      "metadata": {
        "id": "QZTac_ScJmgc",
        "colab": {
          "base_uri": "https://localhost:8080/"
        },
        "outputId": "25cb3948-19a1-4a4b-fe49-2064cd24426a"
      },
      "execution_count": 5,
      "outputs": [
        {
          "output_type": "stream",
          "name": "stdout",
          "text": [
            "Python version: 3.10.12\n",
            "Platform: Linux-6.1.85+-x86_64-with-glibc2.35\n",
            "Date: 2024-06-29\n"
          ]
        }
      ]
    },
    {
      "cell_type": "code",
      "source": [
        "# importando a biblioteca numérica em Python, ou seja, a NumPy para realizar\n",
        "# cálculos científicos, análises de dados e matemática em geral\n",
        "import numpy as np"
      ],
      "metadata": {
        "id": "a2rCHRAaA5wa"
      },
      "execution_count": 7,
      "outputs": []
    },
    {
      "cell_type": "code",
      "source": [
        "# variável alvo: renda anual em K\n",
        "y = np.array([10, 50, 100, 200, 70, 65])\n",
        "\n",
        "# variável de entrada:\n",
        "# idade, anos de estudo, sexo (M: 0 | F: 1) e altura (cm), casada (Não:0 | Sim: 1)\n",
        "X = np.array([\n",
        "    [31, 7, 1, 1.53, 0],\n",
        "    [44, 11, 0, 1.62, 0],\n",
        "    [57, 18, 1, 1.79, 1],\n",
        "    [65, 12, 0, 1.81, 1],\n",
        "    [25, 5, 1, 1.65, 0],\n",
        "    [24, 5, 0, 1.62, 1]\n",
        "])"
      ],
      "metadata": {
        "id": "cKtMvYk9JmdB"
      },
      "execution_count": 22,
      "outputs": []
    },
    {
      "cell_type": "code",
      "source": [
        "# tamanho dos objetos - linhas e colunas\n",
        "X.shape, y.shape"
      ],
      "metadata": {
        "colab": {
          "base_uri": "https://localhost:8080/"
        },
        "id": "rKg9wmy7Kglr",
        "outputId": "df906608-7526-4635-a301-4e2581ae009f"
      },
      "execution_count": 23,
      "outputs": [
        {
          "output_type": "execute_result",
          "data": {
            "text/plain": [
              "((6, 5), (6,))"
            ]
          },
          "metadata": {},
          "execution_count": 23
        }
      ]
    },
    {
      "cell_type": "code",
      "source": [
        "# visualizando o conteúdo do objeto \"X\"\n",
        "X"
      ],
      "metadata": {
        "colab": {
          "base_uri": "https://localhost:8080/"
        },
        "id": "IcUmYFsDKfBt",
        "outputId": "0404fca9-2c99-439a-f3e5-1f6b1269eb12"
      },
      "execution_count": 24,
      "outputs": [
        {
          "output_type": "execute_result",
          "data": {
            "text/plain": [
              "array([[31.  ,  7.  ,  1.  ,  1.53,  0.  ],\n",
              "       [44.  , 11.  ,  0.  ,  1.62,  0.  ],\n",
              "       [57.  , 18.  ,  1.  ,  1.79,  1.  ],\n",
              "       [65.  , 12.  ,  0.  ,  1.81,  1.  ],\n",
              "       [25.  ,  5.  ,  1.  ,  1.65,  0.  ],\n",
              "       [24.  ,  5.  ,  0.  ,  1.62,  1.  ]])"
            ]
          },
          "metadata": {},
          "execution_count": 24
        }
      ]
    },
    {
      "cell_type": "code",
      "source": [
        "# visualizando o conteúdo do objeto \"y\"\n",
        "y"
      ],
      "metadata": {
        "colab": {
          "base_uri": "https://localhost:8080/"
        },
        "id": "bYNz16UWKYs5",
        "outputId": "08c283e7-fd89-417e-f0d0-9994ef80303b"
      },
      "execution_count": 25,
      "outputs": [
        {
          "output_type": "execute_result",
          "data": {
            "text/plain": [
              "array([ 10,  50, 100, 200,  70,  65])"
            ]
          },
          "metadata": {},
          "execution_count": 25
        }
      ]
    },
    {
      "cell_type": "code",
      "source": [
        "# inserindo uma coluna de \"uns\" no objeto \"X\"\n",
        "X_ = np.c_[np.ones(X.shape[0]), X]\n",
        "\n",
        "# visualizando o resultado\n",
        "X_.shape, X_"
      ],
      "metadata": {
        "colab": {
          "base_uri": "https://localhost:8080/"
        },
        "id": "16lfyzWvKf0n",
        "outputId": "765fbd78-6074-447b-8a4e-c46e490fb418"
      },
      "execution_count": 27,
      "outputs": [
        {
          "output_type": "execute_result",
          "data": {
            "text/plain": [
              "((6, 6),\n",
              " array([[ 1.  , 31.  ,  7.  ,  1.  ,  1.53,  0.  ],\n",
              "        [ 1.  , 44.  , 11.  ,  0.  ,  1.62,  0.  ],\n",
              "        [ 1.  , 57.  , 18.  ,  1.  ,  1.79,  1.  ],\n",
              "        [ 1.  , 65.  , 12.  ,  0.  ,  1.81,  1.  ],\n",
              "        [ 1.  , 25.  ,  5.  ,  1.  ,  1.65,  0.  ],\n",
              "        [ 1.  , 24.  ,  5.  ,  0.  ,  1.62,  1.  ]]))"
            ]
          },
          "metadata": {},
          "execution_count": 27
        }
      ]
    },
    {
      "cell_type": "code",
      "source": [
        "# com a função \".dot\" do NumPy, podemos realizar a multiplicação de matrizes\n",
        "# ou o produto escalar de vetores\n",
        "\n",
        "# obs: isso somente é possível se ambos os arrays forem matrizes de duas\n",
        "# dimensões, np.dot realiza a multiplicação matricial entre elas e o resultado\n",
        "# é uma nova matriz com dimensões (m x n), onde m é o número de linhas da\n",
        "# primeira matriz e n é o número de colunas da segunda matriz.\n",
        "\n",
        "matriz_A = np.array([[1, 2], [3, 4]])\n",
        "matriz_B = np.array([[5, 6], [7, 8]])\n",
        "\n",
        "print(f'Matriz A (shape): {matriz_A.shape}\\n{matriz_A}\\n')\n",
        "print(f'Matriz B (shape): {matriz_B.shape}\\n{matriz_B}\\n')\n",
        "\n",
        "matriz_C = np.dot(matriz_A, matriz_B)\n",
        "print(f'Matriz C (shape): {matriz_C.shape}\\n{matriz_C}')"
      ],
      "metadata": {
        "colab": {
          "base_uri": "https://localhost:8080/"
        },
        "id": "I4DA5SWMLAq2",
        "outputId": "20debb0c-9f4c-43ee-ed6b-d6c18b9f913c"
      },
      "execution_count": 18,
      "outputs": [
        {
          "output_type": "stream",
          "name": "stdout",
          "text": [
            "Matriz A (shape): (2, 2)\n",
            "[[1 2]\n",
            " [3 4]]\n",
            "\n",
            "Matriz B (shape): (2, 2)\n",
            "[[5 6]\n",
            " [7 8]]\n",
            "\n",
            "Matriz C (shape): (2, 2)\n",
            "[[19 22]\n",
            " [43 50]]\n"
          ]
        }
      ]
    },
    {
      "cell_type": "code",
      "source": [
        "# número de dimensão das matrizes \"X\" e \"X_\"\n",
        "X.ndim, X_.ndim"
      ],
      "metadata": {
        "colab": {
          "base_uri": "https://localhost:8080/"
        },
        "id": "gnESoiq6Fdib",
        "outputId": "f2ab72ff-ab43-4400-d163-81398a0ed7b9"
      },
      "execution_count": 21,
      "outputs": [
        {
          "output_type": "execute_result",
          "data": {
            "text/plain": [
              "(2, 2)"
            ]
          },
          "metadata": {},
          "execution_count": 21
        }
      ]
    },
    {
      "cell_type": "code",
      "source": [
        "# aplicando a multiplicação das matrizes\n",
        "np.dot(X_.T, X_)"
      ],
      "metadata": {
        "colab": {
          "base_uri": "https://localhost:8080/"
        },
        "id": "ZIGX_VzFEO39",
        "outputId": "71e6ac76-d3de-434e-b085-1483dfcaaa04"
      },
      "execution_count": 29,
      "outputs": [
        {
          "output_type": "execute_result",
          "data": {
            "text/plain": [
              "array([[6.00000e+00, 2.46000e+02, 5.80000e+01, 3.00000e+00, 1.00200e+01,\n",
              "        3.00000e+00],\n",
              "       [2.46000e+02, 1.15720e+04, 2.75200e+03, 1.13000e+02, 4.18520e+02,\n",
              "        1.46000e+02],\n",
              "       [5.80000e+01, 2.75200e+03, 6.88000e+02, 3.00000e+01, 9.88200e+01,\n",
              "        3.50000e+01],\n",
              "       [3.00000e+00, 1.13000e+02, 3.00000e+01, 3.00000e+00, 4.97000e+00,\n",
              "        1.00000e+00],\n",
              "       [1.00200e+01, 4.18520e+02, 9.88200e+01, 4.97000e+00, 1.67924e+01,\n",
              "        5.22000e+00],\n",
              "       [3.00000e+00, 1.46000e+02, 3.50000e+01, 1.00000e+00, 5.22000e+00,\n",
              "        3.00000e+00]])"
            ]
          },
          "metadata": {},
          "execution_count": 29
        }
      ]
    },
    {
      "cell_type": "code",
      "source": [
        "# calculando a inversa do resultado da multiplicação das matrizes\n",
        "np.linalg.inv(np.dot(X_.T, X_))"
      ],
      "metadata": {
        "colab": {
          "base_uri": "https://localhost:8080/"
        },
        "id": "B11PQ4Q3KtEK",
        "outputId": "e1c31fe6-554e-4b6d-f497-7340bdfd6b76"
      },
      "execution_count": 30,
      "outputs": [
        {
          "output_type": "execute_result",
          "data": {
            "text/plain": [
              "array([[ 2.01968452e+02,  6.51725251e-01, -4.84083952e-01,\n",
              "         4.86410887e+00, -1.39306702e+02,  1.27341898e+01],\n",
              "       [ 6.51725251e-01,  6.16180721e-03, -1.29318458e-02,\n",
              "         5.10171200e-02, -4.94991304e-01,  4.35508286e-02],\n",
              "       [-4.84083952e-01, -1.29318458e-02,  4.42970313e-02,\n",
              "        -1.31626509e-01,  4.14553695e-01, -8.08128432e-02],\n",
              "       [ 4.86410887e+00,  5.10171200e-02, -1.31626509e-01,\n",
              "         1.22504926e+00, -3.98265155e+00,  7.10164500e-01],\n",
              "       [-1.39306702e+02, -4.94991304e-01,  4.14553695e-01,\n",
              "        -3.98265155e+00,  9.70520423e+01, -8.98318455e+00],\n",
              "       [ 1.27341898e+01,  4.35508286e-02, -8.08128432e-02,\n",
              "         7.10164500e-01, -8.98318455e+00,  1.81650600e+00]])"
            ]
          },
          "metadata": {},
          "execution_count": 30
        }
      ]
    },
    {
      "cell_type": "code",
      "source": [
        "test = np.dot(X_.T, X_)\n",
        "test"
      ],
      "metadata": {
        "colab": {
          "base_uri": "https://localhost:8080/"
        },
        "id": "Xghx6LILLJO_",
        "outputId": "00591c94-591f-473c-ffb5-d37f29058ef2"
      },
      "execution_count": 31,
      "outputs": [
        {
          "output_type": "execute_result",
          "data": {
            "text/plain": [
              "array([[6.00000e+00, 2.46000e+02, 5.80000e+01, 3.00000e+00, 1.00200e+01,\n",
              "        3.00000e+00],\n",
              "       [2.46000e+02, 1.15720e+04, 2.75200e+03, 1.13000e+02, 4.18520e+02,\n",
              "        1.46000e+02],\n",
              "       [5.80000e+01, 2.75200e+03, 6.88000e+02, 3.00000e+01, 9.88200e+01,\n",
              "        3.50000e+01],\n",
              "       [3.00000e+00, 1.13000e+02, 3.00000e+01, 3.00000e+00, 4.97000e+00,\n",
              "        1.00000e+00],\n",
              "       [1.00200e+01, 4.18520e+02, 9.88200e+01, 4.97000e+00, 1.67924e+01,\n",
              "        5.22000e+00],\n",
              "       [3.00000e+00, 1.46000e+02, 3.50000e+01, 1.00000e+00, 5.22000e+00,\n",
              "        3.00000e+00]])"
            ]
          },
          "metadata": {},
          "execution_count": 31
        }
      ]
    },
    {
      "cell_type": "code",
      "source": [
        "np.dot(np.linalg.inv(test), test)"
      ],
      "metadata": {
        "colab": {
          "base_uri": "https://localhost:8080/"
        },
        "id": "QeRprSIdMJF-",
        "outputId": "f5f07b6a-ba91-45fb-da7e-fbca0f3c7908"
      },
      "execution_count": 32,
      "outputs": [
        {
          "output_type": "execute_result",
          "data": {
            "text/plain": [
              "array([[ 1.00000000e+00,  3.43547413e-12,  1.44417811e-12,\n",
              "         9.59232693e-14,  1.59238104e-14,  8.88178420e-15],\n",
              "       [ 2.85882429e-15,  1.00000000e+00,  2.43693954e-14,\n",
              "         1.47798440e-15,  2.10618775e-15,  1.08246745e-15],\n",
              "       [-1.15185639e-15, -1.67921232e-14,  1.00000000e+00,\n",
              "        -7.63278329e-16, -3.91684682e-16, -1.80411242e-16],\n",
              "       [ 1.28785871e-14,  2.05169215e-13,  2.35367281e-14,\n",
              "         1.00000000e+00, -1.27780591e-15,  3.10862447e-15],\n",
              "       [-1.63424829e-13, -1.00968123e-11, -2.78177481e-12,\n",
              "        -1.35003120e-13,  1.00000000e+00, -9.59232693e-14],\n",
              "       [ 2.42028619e-14,  8.07798273e-13,  1.86739513e-13,\n",
              "         2.46469511e-14,  2.46051040e-14,  1.00000000e+00]])"
            ]
          },
          "metadata": {},
          "execution_count": 32
        }
      ]
    },
    {
      "cell_type": "code",
      "source": [
        "np.round(np.dot(np.linalg.inv(test), test))"
      ],
      "metadata": {
        "colab": {
          "base_uri": "https://localhost:8080/"
        },
        "id": "UEpkI_cNMcjm",
        "outputId": "383aa0f6-f740-4368-a8ae-d0a7105c246a"
      },
      "execution_count": 33,
      "outputs": [
        {
          "output_type": "execute_result",
          "data": {
            "text/plain": [
              "array([[ 1.,  0.,  0.,  0.,  0.,  0.],\n",
              "       [ 0.,  1.,  0.,  0.,  0.,  0.],\n",
              "       [-0., -0.,  1., -0., -0., -0.],\n",
              "       [ 0.,  0.,  0.,  1., -0.,  0.],\n",
              "       [-0., -0., -0., -0.,  1., -0.],\n",
              "       [ 0.,  0.,  0.,  0.,  0.,  1.]])"
            ]
          },
          "metadata": {},
          "execution_count": 33
        }
      ]
    },
    {
      "cell_type": "code",
      "source": [
        "np.linalg.inv(np.dot(X_.T, X_))"
      ],
      "metadata": {
        "colab": {
          "base_uri": "https://localhost:8080/"
        },
        "id": "U75WEmWZNhIi",
        "outputId": "4f487a22-7e81-40da-9897-5968452e3935"
      },
      "execution_count": 34,
      "outputs": [
        {
          "output_type": "execute_result",
          "data": {
            "text/plain": [
              "array([[ 2.01968452e+02,  6.51725251e-01, -4.84083952e-01,\n",
              "         4.86410887e+00, -1.39306702e+02,  1.27341898e+01],\n",
              "       [ 6.51725251e-01,  6.16180721e-03, -1.29318458e-02,\n",
              "         5.10171200e-02, -4.94991304e-01,  4.35508286e-02],\n",
              "       [-4.84083952e-01, -1.29318458e-02,  4.42970313e-02,\n",
              "        -1.31626509e-01,  4.14553695e-01, -8.08128432e-02],\n",
              "       [ 4.86410887e+00,  5.10171200e-02, -1.31626509e-01,\n",
              "         1.22504926e+00, -3.98265155e+00,  7.10164500e-01],\n",
              "       [-1.39306702e+02, -4.94991304e-01,  4.14553695e-01,\n",
              "        -3.98265155e+00,  9.70520423e+01, -8.98318455e+00],\n",
              "       [ 1.27341898e+01,  4.35508286e-02, -8.08128432e-02,\n",
              "         7.10164500e-01, -8.98318455e+00,  1.81650600e+00]])"
            ]
          },
          "metadata": {},
          "execution_count": 34
        }
      ]
    },
    {
      "cell_type": "code",
      "source": [
        "np.linalg.inv(X_.T.dot(X_))"
      ],
      "metadata": {
        "colab": {
          "base_uri": "https://localhost:8080/"
        },
        "id": "8cLLVzL6NhG8",
        "outputId": "dc170c76-4bdf-45df-d5f2-276510357c2d"
      },
      "execution_count": 35,
      "outputs": [
        {
          "output_type": "execute_result",
          "data": {
            "text/plain": [
              "array([[ 2.01968452e+02,  6.51725251e-01, -4.84083952e-01,\n",
              "         4.86410887e+00, -1.39306702e+02,  1.27341898e+01],\n",
              "       [ 6.51725251e-01,  6.16180721e-03, -1.29318458e-02,\n",
              "         5.10171200e-02, -4.94991304e-01,  4.35508286e-02],\n",
              "       [-4.84083952e-01, -1.29318458e-02,  4.42970313e-02,\n",
              "        -1.31626509e-01,  4.14553695e-01, -8.08128432e-02],\n",
              "       [ 4.86410887e+00,  5.10171200e-02, -1.31626509e-01,\n",
              "         1.22504926e+00, -3.98265155e+00,  7.10164500e-01],\n",
              "       [-1.39306702e+02, -4.94991304e-01,  4.14553695e-01,\n",
              "        -3.98265155e+00,  9.70520423e+01, -8.98318455e+00],\n",
              "       [ 1.27341898e+01,  4.35508286e-02, -8.08128432e-02,\n",
              "         7.10164500e-01, -8.98318455e+00,  1.81650600e+00]])"
            ]
          },
          "metadata": {},
          "execution_count": 35
        }
      ]
    },
    {
      "cell_type": "code",
      "source": [
        "np.linalg.inv(X_.T.dot(X_)).dot(X_.T).dot(y)"
      ],
      "metadata": {
        "colab": {
          "base_uri": "https://localhost:8080/"
        },
        "id": "E7b2j9rxNhEp",
        "outputId": "cc7e2d48-03b2-4565-dda3-ec055f45e383"
      },
      "execution_count": 36,
      "outputs": [
        {
          "output_type": "execute_result",
          "data": {
            "text/plain": [
              "array([-720.91623037,    2.95811518,  -10.7591623 ,   -2.40837696,\n",
              "        468.58638743,    9.60732984])"
            ]
          },
          "metadata": {},
          "execution_count": 36
        }
      ]
    },
    {
      "cell_type": "code",
      "source": [
        "beta = np.linalg.inv(X_.T.dot(X_)).dot(X_.T).dot(y)\n",
        "beta"
      ],
      "metadata": {
        "colab": {
          "base_uri": "https://localhost:8080/"
        },
        "id": "3R9O0i40NhAx",
        "outputId": "0050cac5-3cb2-4f72-d906-0d90c36ab466"
      },
      "execution_count": 37,
      "outputs": [
        {
          "output_type": "execute_result",
          "data": {
            "text/plain": [
              "array([-720.91623037,    2.95811518,  -10.7591623 ,   -2.40837696,\n",
              "        468.58638743,    9.60732984])"
            ]
          },
          "metadata": {},
          "execution_count": 37
        }
      ]
    },
    {
      "cell_type": "code",
      "source": [
        "np.round(beta)"
      ],
      "metadata": {
        "colab": {
          "base_uri": "https://localhost:8080/"
        },
        "id": "qwavXCTzNg-f",
        "outputId": "9990a289-ec8a-40f9-fbff-26fd70619e10"
      },
      "execution_count": 38,
      "outputs": [
        {
          "output_type": "execute_result",
          "data": {
            "text/plain": [
              "array([-721.,    3.,  -11.,   -2.,  469.,   10.])"
            ]
          },
          "metadata": {},
          "execution_count": 38
        }
      ]
    },
    {
      "cell_type": "code",
      "source": [
        "def fit(X: np.array, y: np.array) -> object:\n",
        "    \"\"\"\n",
        "    Args:\n",
        "      X: array-like, shape (n_samples, n_features)\n",
        "      y: array-like, shape (n_samples,)\n",
        "\n",
        "    Returns:\n",
        "      intercept: float\n",
        "      coef: array-like, shape (n_features,)\n",
        "\n",
        "    Raises:\n",
        "      ValueError: If X or y are not arrays.\n",
        "    \"\"\"\n",
        "    X_ = np.c_[np.ones(X.shape[0]), X]\n",
        "    beta = np.linalg.inv(X_.T.dot(X_)).dot(X_.T).dot(y)\n",
        "    intercept = beta[0]\n",
        "    coefs = beta[1:]\n",
        "    return intercept, coefs"
      ],
      "metadata": {
        "id": "z64XMRluN1ZE"
      },
      "execution_count": 39,
      "outputs": []
    },
    {
      "cell_type": "code",
      "source": [
        "alpha, betas = fit(X=X, y=y)"
      ],
      "metadata": {
        "id": "G8FZLx1RN1XY"
      },
      "execution_count": 40,
      "outputs": []
    },
    {
      "cell_type": "code",
      "source": [
        "alpha, betas"
      ],
      "metadata": {
        "colab": {
          "base_uri": "https://localhost:8080/"
        },
        "id": "BaXr4i6-N1Rt",
        "outputId": "b577a38d-3048-4600-9b04-52833a4b1d93"
      },
      "execution_count": 41,
      "outputs": [
        {
          "output_type": "execute_result",
          "data": {
            "text/plain": [
              "(-720.9162303664752,\n",
              " array([  2.95811518, -10.7591623 ,  -2.40837696, 468.58638743,\n",
              "          9.60732984]))"
            ]
          },
          "metadata": {},
          "execution_count": 41
        }
      ]
    },
    {
      "cell_type": "code",
      "source": [
        "np.r_[[alpha], betas]"
      ],
      "metadata": {
        "id": "Ql22dwKHN1LI",
        "colab": {
          "base_uri": "https://localhost:8080/"
        },
        "outputId": "742124e7-f926-43e6-e33c-c11fa71f25ef"
      },
      "execution_count": 42,
      "outputs": [
        {
          "output_type": "execute_result",
          "data": {
            "text/plain": [
              "array([-720.91623037,    2.95811518,  -10.7591623 ,   -2.40837696,\n",
              "        468.58638743,    9.60732984])"
            ]
          },
          "metadata": {},
          "execution_count": 42
        }
      ]
    },
    {
      "cell_type": "code",
      "source": [
        "y_hat = X_.dot(np.r_[[alpha], betas])\n",
        "y_hat"
      ],
      "metadata": {
        "colab": {
          "base_uri": "https://localhost:8080/"
        },
        "id": "XM8u9Hq9Qvjl",
        "outputId": "1d2de736-40d7-4e28-84e2-a05791864cf0"
      },
      "execution_count": 43,
      "outputs": [
        {
          "output_type": "execute_result",
          "data": {
            "text/plain": [
              "array([ 10.,  50., 100., 200.,  70.,  65.])"
            ]
          },
          "metadata": {},
          "execution_count": 43
        }
      ]
    },
    {
      "cell_type": "code",
      "source": [
        "y"
      ],
      "metadata": {
        "colab": {
          "base_uri": "https://localhost:8080/"
        },
        "id": "-lWjg0ADw65O",
        "outputId": "eccc850b-6672-4d8c-c9ee-9e7a1b2a6c6f"
      },
      "execution_count": 44,
      "outputs": [
        {
          "output_type": "execute_result",
          "data": {
            "text/plain": [
              "array([ 10,  50, 100, 200,  70,  65])"
            ]
          },
          "metadata": {},
          "execution_count": 44
        }
      ]
    },
    {
      "cell_type": "code",
      "source": [
        "X_ = np.c_[np.ones((X.shape[0], 1)), X]"
      ],
      "metadata": {
        "id": "-KbNyj4nSfUR"
      },
      "execution_count": 45,
      "outputs": []
    },
    {
      "cell_type": "code",
      "source": [
        "X_"
      ],
      "metadata": {
        "colab": {
          "base_uri": "https://localhost:8080/"
        },
        "id": "eCdwL-NRTDIJ",
        "outputId": "b58dcea1-1de6-4dfe-97fa-fcb8c537ed32"
      },
      "execution_count": 46,
      "outputs": [
        {
          "output_type": "execute_result",
          "data": {
            "text/plain": [
              "array([[ 1.  , 31.  ,  7.  ,  1.  ,  1.53,  0.  ],\n",
              "       [ 1.  , 44.  , 11.  ,  0.  ,  1.62,  0.  ],\n",
              "       [ 1.  , 57.  , 18.  ,  1.  ,  1.79,  1.  ],\n",
              "       [ 1.  , 65.  , 12.  ,  0.  ,  1.81,  1.  ],\n",
              "       [ 1.  , 25.  ,  5.  ,  1.  ,  1.65,  0.  ],\n",
              "       [ 1.  , 24.  ,  5.  ,  0.  ,  1.62,  1.  ]])"
            ]
          },
          "metadata": {},
          "execution_count": 46
        }
      ]
    },
    {
      "cell_type": "code",
      "source": [
        "X_.dot(np.r_[alpha, betas])"
      ],
      "metadata": {
        "colab": {
          "base_uri": "https://localhost:8080/"
        },
        "id": "G-5aOY2BQvdo",
        "outputId": "fcf741e6-8a07-4bd4-8480-dc6e8e444c9f"
      },
      "execution_count": 47,
      "outputs": [
        {
          "output_type": "execute_result",
          "data": {
            "text/plain": [
              "array([ 10.,  50., 100., 200.,  70.,  65.])"
            ]
          },
          "metadata": {},
          "execution_count": 47
        }
      ]
    },
    {
      "cell_type": "code",
      "source": [
        "def predict(X: np.array, alpha: float, betas: np.array) -> np.array:\n",
        "    X_ = np.c_[np.ones((X.shape[0], 1)), X]\n",
        "    return np.round(X_.dot(np.r_[alpha, betas]), 2)"
      ],
      "metadata": {
        "id": "TXw83VPFSFjw"
      },
      "execution_count": 48,
      "outputs": []
    },
    {
      "cell_type": "code",
      "source": [
        "X_new = np.array([[24, 5, 0, 1.62, 1]])\n",
        "X_new"
      ],
      "metadata": {
        "colab": {
          "base_uri": "https://localhost:8080/"
        },
        "id": "QNroUzD1Uvif",
        "outputId": "b9d9f7f7-7218-4e83-ff46-8c66dbfe74dc"
      },
      "execution_count": 49,
      "outputs": [
        {
          "output_type": "execute_result",
          "data": {
            "text/plain": [
              "array([[24.  ,  5.  ,  0.  ,  1.62,  1.  ]])"
            ]
          },
          "metadata": {},
          "execution_count": 49
        }
      ]
    },
    {
      "cell_type": "code",
      "source": [
        "pred = predict(X=X_new, alpha=alpha, betas=betas)\n",
        "pred"
      ],
      "metadata": {
        "colab": {
          "base_uri": "https://localhost:8080/"
        },
        "id": "bGuyGo1RUDkk",
        "outputId": "b652d6bc-6afa-43fc-f5e3-b705e84e1af3"
      },
      "execution_count": 50,
      "outputs": [
        {
          "output_type": "execute_result",
          "data": {
            "text/plain": [
              "array([65.])"
            ]
          },
          "metadata": {},
          "execution_count": 50
        }
      ]
    },
    {
      "cell_type": "code",
      "source": [
        "X_new2 = np.array([[46, 6, 0, 1.69, 1]])\n",
        "pred2 = predict(X=X_new2, alpha=alpha, betas=betas)\n",
        "pred2, pred2 / 12"
      ],
      "metadata": {
        "colab": {
          "base_uri": "https://localhost:8080/"
        },
        "id": "rfKDejsGUTrc",
        "outputId": "e05238f4-75fd-4de4-f955-db01b35896cb"
      },
      "execution_count": 51,
      "outputs": [
        {
          "output_type": "execute_result",
          "data": {
            "text/plain": [
              "(array([152.12]), array([12.67666667]))"
            ]
          },
          "metadata": {},
          "execution_count": 51
        }
      ]
    },
    {
      "cell_type": "code",
      "source": [
        "X_new3 = np.array([[46, 12, 1, 1.69, 0]])\n",
        "pred3 = predict(X=X_new3, alpha=alpha, betas=betas)\n",
        "pred3, pred3 / 12"
      ],
      "metadata": {
        "colab": {
          "base_uri": "https://localhost:8080/"
        },
        "id": "t7jyWPwzYFDG",
        "outputId": "77ba706d-f3fb-4da0-b49e-9c907931c36e"
      },
      "execution_count": 52,
      "outputs": [
        {
          "output_type": "execute_result",
          "data": {
            "text/plain": [
              "(array([75.55]), array([6.29583333]))"
            ]
          },
          "metadata": {},
          "execution_count": 52
        }
      ]
    },
    {
      "cell_type": "code",
      "source": [
        "X_new4 = np.array([[20, 0, 1, 1.61, 0]])\n",
        "pred4 = predict(X=X_new4, alpha=alpha, betas=betas)\n",
        "pred4, pred4 / 12"
      ],
      "metadata": {
        "colab": {
          "base_uri": "https://localhost:8080/"
        },
        "id": "O548diryXyVs",
        "outputId": "c6011bce-51d4-4284-f627-16068145802b"
      },
      "execution_count": 53,
      "outputs": [
        {
          "output_type": "execute_result",
          "data": {
            "text/plain": [
              "(array([90.26]), array([7.52166667]))"
            ]
          },
          "metadata": {},
          "execution_count": 53
        }
      ]
    },
    {
      "cell_type": "code",
      "source": [
        "X_new5 = np.array([[20, 1, 1, 1.61, 0]])\n",
        "pred5 = predict(X=X_new5, alpha=alpha, betas=betas)\n",
        "pred5, pred5 / 12"
      ],
      "metadata": {
        "colab": {
          "base_uri": "https://localhost:8080/"
        },
        "id": "so-w9BCFYyae",
        "outputId": "35827e2f-06b5-4734-de66-0c9d333949da"
      },
      "execution_count": 54,
      "outputs": [
        {
          "output_type": "execute_result",
          "data": {
            "text/plain": [
              "(array([79.5]), array([6.625]))"
            ]
          },
          "metadata": {},
          "execution_count": 54
        }
      ]
    },
    {
      "cell_type": "code",
      "source": [
        "y_pred6 = predict(X=X, alpha=alpha, betas=betas)\n",
        "y_pred6"
      ],
      "metadata": {
        "colab": {
          "base_uri": "https://localhost:8080/"
        },
        "id": "Vz-Bz3M6WlB4",
        "outputId": "4e0b5b81-f32b-43c3-f3db-1e7c5275a892"
      },
      "execution_count": 55,
      "outputs": [
        {
          "output_type": "execute_result",
          "data": {
            "text/plain": [
              "array([ 10.,  50., 100., 200.,  70.,  65.])"
            ]
          },
          "metadata": {},
          "execution_count": 55
        }
      ]
    },
    {
      "cell_type": "code",
      "source": [],
      "metadata": {
        "id": "ayxjbW_CivJw"
      },
      "execution_count": null,
      "outputs": []
    },
    {
      "cell_type": "code",
      "source": [
        "%%writefile linear_regression.py\n",
        "import numpy as np\n",
        "class MyLinearRegression():\n",
        "    def __init__(self):\n",
        "        self.intercept_ = None\n",
        "        self.coef_ = None\n",
        "\n",
        "    def fit(self, X: np.array, y: np.array) -> object:\n",
        "        X_ = np.c_[np.ones((X.shape[0], 1)), X]\n",
        "        beta = np.linalg.inv(X_.T.dot(X_)).dot(X_.T).dot(y)\n",
        "        self.intercept_ = beta[0]\n",
        "        self.coef_ = beta[1:]\n",
        "        return self\n",
        "\n",
        "    def predict(self, X: np.array) -> np.array:\n",
        "        X_ = np.c_[np.ones((X.shape[0], 1)), X]\n",
        "        return X_.dot(np.r_[self.intercept_, self.coef_])"
      ],
      "metadata": {
        "colab": {
          "base_uri": "https://localhost:8080/"
        },
        "id": "gKhH0x9LWsCu",
        "outputId": "aff8fe44-19b7-416f-f16f-e3bb7604c35c"
      },
      "execution_count": 56,
      "outputs": [
        {
          "output_type": "stream",
          "name": "stdout",
          "text": [
            "Writing linear_regression.py\n"
          ]
        }
      ]
    },
    {
      "cell_type": "code",
      "source": [
        "import numpy as np\n",
        "\n",
        "y = np.array([12, 47, 68, 83, 61, 65, 27, 49, 55, 82])\n",
        "\n",
        "# variável de entrada:\n",
        "# idade, anos de estudo, sexo (M: 0 | F: 1) e altura (cm), casada (Não:0 | Sim: 1)\n",
        "\n",
        "X = np.array([\n",
        "    [33, 7, 1, 1.53, 0],\n",
        "    [41, 11, 0, 1.62, 0],\n",
        "    [55, 18, 1, 1.79, 1],\n",
        "    [62, 12, 0, 1.81, 1],\n",
        "    [25, 5, 1, 1.65, 0],\n",
        "    [24, 5, 0, 1.62, 1],\n",
        "    [27, 0, 1, 1.61, 0],\n",
        "    [46, 6, 0, 1.69, 1],\n",
        "    [33, 4, 0, 1.58, 0],\n",
        "    [57, 9, 1, 1.88, 0]\n",
        "])"
      ],
      "metadata": {
        "id": "NzxFthAEhbiO"
      },
      "execution_count": 57,
      "outputs": []
    },
    {
      "cell_type": "code",
      "source": [
        "from linear_regression import MyLinearRegression"
      ],
      "metadata": {
        "id": "-5jhi3KNeO93"
      },
      "execution_count": 58,
      "outputs": []
    },
    {
      "cell_type": "code",
      "source": [
        "model = MyLinearRegression()\n",
        "model"
      ],
      "metadata": {
        "colab": {
          "base_uri": "https://localhost:8080/"
        },
        "id": "56msSIkEg-ZU",
        "outputId": "6103a2e6-c5ac-4d95-a625-fd17dfa9af16"
      },
      "execution_count": 59,
      "outputs": [
        {
          "output_type": "execute_result",
          "data": {
            "text/plain": [
              "<linear_regression.MyLinearRegression at 0x7f5975a53fd0>"
            ]
          },
          "metadata": {},
          "execution_count": 59
        }
      ]
    },
    {
      "cell_type": "code",
      "source": [
        "model.fit(X=X, y=y)\n",
        "pred = model.predict(X=X)\n",
        "pred"
      ],
      "metadata": {
        "colab": {
          "base_uri": "https://localhost:8080/"
        },
        "id": "Y9_zvYKqeUxv",
        "outputId": "9cf47f34-13dc-4a02-baa7-abd7db429b26"
      },
      "execution_count": 60,
      "outputs": [
        {
          "output_type": "execute_result",
          "data": {
            "text/plain": [
              "array([10.05742973, 56.58276866, 67.4505606 , 76.82338566, 56.35395112,\n",
              "       66.03017742, 32.29030861, 54.69587631, 44.86779195, 83.84774994])"
            ]
          },
          "metadata": {},
          "execution_count": 60
        }
      ]
    },
    {
      "cell_type": "code",
      "source": [
        "y"
      ],
      "metadata": {
        "colab": {
          "base_uri": "https://localhost:8080/"
        },
        "id": "kUx2FsrDCN0Q",
        "outputId": "b9aa4b3f-0b11-4999-ad8d-2ba0c48b0e71"
      },
      "execution_count": 61,
      "outputs": [
        {
          "output_type": "execute_result",
          "data": {
            "text/plain": [
              "array([12, 47, 68, 83, 61, 65, 27, 49, 55, 82])"
            ]
          },
          "metadata": {},
          "execution_count": 61
        }
      ]
    },
    {
      "cell_type": "code",
      "source": [
        "X_new7 = np.array([[20, 0, 1, 1.61, 0]])\n",
        "pred_new7 = model.predict(X=X_new7)\n",
        "pred_new7"
      ],
      "metadata": {
        "colab": {
          "base_uri": "https://localhost:8080/"
        },
        "id": "K19r6KqSemUH",
        "outputId": "c0770e59-fc85-426a-f177-de69f3c8c132"
      },
      "execution_count": 62,
      "outputs": [
        {
          "output_type": "execute_result",
          "data": {
            "text/plain": [
              "array([43.326531])"
            ]
          },
          "metadata": {},
          "execution_count": 62
        }
      ]
    },
    {
      "cell_type": "code",
      "source": [
        "X_new8 = np.array([[46, 6, 0, 1.69, 1]])\n",
        "pred_new8 = model.predict(X=X_new8)\n",
        "pred_new8"
      ],
      "metadata": {
        "id": "PjENlOgojoLo",
        "colab": {
          "base_uri": "https://localhost:8080/"
        },
        "outputId": "4ca2b2c5-0dfe-49d4-ac18-e26c260e7e08"
      },
      "execution_count": 63,
      "outputs": [
        {
          "output_type": "execute_result",
          "data": {
            "text/plain": [
              "array([54.69587631])"
            ]
          },
          "metadata": {},
          "execution_count": 63
        }
      ]
    },
    {
      "cell_type": "code",
      "source": [
        "model.intercept_, model.coef_"
      ],
      "metadata": {
        "colab": {
          "base_uri": "https://localhost:8080/"
        },
        "id": "z0a3g2_BkF55",
        "outputId": "e2a1089d-3e0b-4b36-ccdc-0d32a28de77b"
      },
      "execution_count": 64,
      "outputs": [
        {
          "output_type": "execute_result",
          "data": {
            "text/plain": [
              "(-398.4363510569897,\n",
              " array([ -1.5766032 ,   1.70868309, -24.47763567, 309.17551658,\n",
              "         -7.10274706]))"
            ]
          },
          "metadata": {},
          "execution_count": 64
        }
      ]
    },
    {
      "cell_type": "code",
      "source": [],
      "metadata": {
        "id": "0Co14QZFANj0"
      },
      "execution_count": null,
      "outputs": []
    },
    {
      "cell_type": "code",
      "source": [
        "%%writefile linear_regression_v2.py\n",
        "import numpy as np\n",
        "\n",
        "class MyLinearRegression_v2():\n",
        "    def __init__(self, learning_rate=0.01, n_iterations=1_000):\n",
        "        self.intercept_ = None\n",
        "        self.coef_ = None\n",
        "        self.learning_rate = learning_rate\n",
        "        self.n_iterations = n_iterations\n",
        "\n",
        "    def fit(self, X: np.array, y: np.array) -> object:\n",
        "        X_ = np.c_[np.ones((X.shape[0], 1)), X]\n",
        "        self.beta = np.linalg.inv(X_.T.dot(X_)).dot(X_.T).dot(y)\n",
        "        self.intercept_ = self.beta[0]\n",
        "        self.coef_ = self.beta [1:]\n",
        "        return self\n",
        "\n",
        "    def predict(self, X: np.array) -> np.array:\n",
        "        X_ = np.c_[np.ones((X.shape[0], 1)), X]\n",
        "        return X_.dot(np.r_[self.intercept_, self.coef_])"
      ],
      "metadata": {
        "id": "wt4NxRzNANgt",
        "colab": {
          "base_uri": "https://localhost:8080/"
        },
        "outputId": "9048144f-461f-426d-968f-18a158d6e046"
      },
      "execution_count": 65,
      "outputs": [
        {
          "output_type": "stream",
          "name": "stdout",
          "text": [
            "Writing linear_regression_v2.py\n"
          ]
        }
      ]
    },
    {
      "cell_type": "code",
      "source": [
        "from linear_regression_v2 import MyLinearRegression_v2"
      ],
      "metadata": {
        "id": "HlEWNtz4oZMH"
      },
      "execution_count": 66,
      "outputs": []
    },
    {
      "cell_type": "code",
      "source": [
        "model = MyLinearRegression_v2()\n",
        "model"
      ],
      "metadata": {
        "colab": {
          "base_uri": "https://localhost:8080/"
        },
        "id": "gjWQqbG_n6vB",
        "outputId": "665dd3d9-ead3-4d16-d03f-087bc8a1f8a9"
      },
      "execution_count": 67,
      "outputs": [
        {
          "output_type": "execute_result",
          "data": {
            "text/plain": [
              "<linear_regression_v2.MyLinearRegression_v2 at 0x7f5975a52b00>"
            ]
          },
          "metadata": {},
          "execution_count": 67
        }
      ]
    },
    {
      "cell_type": "code",
      "source": [
        "model.fit(X=X, y=y)\n",
        "pred = model.predict(X=X)\n",
        "pred"
      ],
      "metadata": {
        "colab": {
          "base_uri": "https://localhost:8080/"
        },
        "id": "BVo8mgN7n6sS",
        "outputId": "d438b522-cde2-4b95-e517-5d5eedfd7205"
      },
      "execution_count": 68,
      "outputs": [
        {
